 164 167 168 171 167 169 168 169 170 173 173 173 170 170 170 171
 163 167 169 169 168 168 168 171 173 172 173 173 172 173 172 172
 163 166 166 167 168 169 172 172 173 174 172 173 171 153 169 171
 165 167 127 162 170 171 173 175 174 175 173 173 163 105 169 171
 165 169 159  83 152 169 172 172 173 175 173 171  99 134 172 170
 167 169 167 118  73 148 170 173 171 173 172 111  82 174 175 173
 165 167 168 168  82  65 147 173 176 174 119  42 141 174 173 174
 166 168 171 169 145  42  44 129 174 113  48  83 171 171 173 172
 168 168 170 169 170  96  50  51  86  44  48 153 173 172 171 171
 167 167 168 168 169 159  48  51  49  41  93 175 174 174 175 170
 167 165 168 170 170 172 115  44  56  52 146 174 174 173 174 170
 164 166 168 170 169 170 168  68  55  82 174 175 172 175 172 171
 165 169 168 169 170 171 173 140  49 145 174 174 172 171 173 171
 164 169 168 171 170 172 173 174 104 176 173 172 173 171 173 171
 166 166 168 168 170 171 172 173 175 175 174 172 173 172 172 170
 166 166 165 168 169 167 171 172 173 174 172 173 170 171 171 172
 175 177 179 180 179 179 180 182 182 184 185 184 182 182 183 182
 176 179 180 181 181 180 182 184 185 186 187 185 184 183 184 183
 176 178 178 179 179 181 183 184 185 186 185 185 184 165 182 183
 177 178 138 172 181 181 183 184 185 186 184 185 176 118 183 182
 176 180 170  94 164 183 184 184 186 186 184 182 109 146 183 183
 178 181 180 131  83 161 183 185 185 185 185 121  92 184 185 183
 177 180 180 178  90  73 157 185 186 185 131  52 153 186 186 183
 177 179 181 180 154  50  50 139 184 123  57  95 184 185 185 182
 177 180 181 181 181 105  58  58  97  51  56 162 185 184 184 183
 177 180 180 181 182 169  55  59  57  48 103 186 185 185 186 183
 177 179 180 183 182 182 123  51  65  59 156 186 185 185 186 184
 177 179 180 181 181 182 180  76  64  91 186 186 185 185 183 182
 177 180 181 181 181 183 183 149  57 156 187 186 184 184 183 182
 176 181 181 183 183 183 184 184 114 186 185 184 184 184 184 182
 178 179 180 181 183 183 183 184 185 186 186 184 184 184 184 182
 176 179 178 179 181 180 182 183 185 184 183 183 182 183 183 182
 180 183 183 184 184 185 185 187 188 190 189 190 187 188 188 187
 183 186 187 187 187 186 187 191 191 191 191 191 190 190 190 188
 183 185 185 186 186 187 188 189 191 192 191 190 190 171 187 187
 182 184 144 178 186 187 189 191 191 191 190 191 181 124 187 187
 183 186 175  96 169 188 189 190 193 193 192 189 113 152 190 188
 185 188 186 135  85 165 189 191 193 192 191 125  95 190 190 190
 185 187 186 184  93  75 162 191 192 191 134  51 159 192 191 189
 183 186 186 185 160  50  51 141 191 127  57  97 191 191 191 189
 184 186 187 186 187 108  58  58  99  51  57 167 191 190 190 189
 184 186 187 187 188 175  56  60  58  48 104 192 191 190 191 190
 184 187 188 188 189 189 128  51  67  60 161 192 191 191 191 190
 184 187 187 188 188 188 186  79  66  93 192 193 191 191 189 189
 185 188 188 188 187 189 190 155  59 161 193 192 191 190 190 189
 183 188 189 189 189 189 191 190 119 193 192 191 190 191 190 187
 183 187 188 187 188 189 190 191 192 192 191 190 190 190 191 188
 183 185 185 186 186 186 188 189 190 190 190 189 189 189 190 188

 171 172 171 171 170 173 174 172 171 170 170 171 171 171 170 172
 170 172 169 169 172 175 173 173 171 175 174 172 173 173 172 171
 170 173 153 105 134 174 174 171 172 174 173 175 171 171 172 171
 170 172 171 163  99  82 141 171 173 174 174 172 172 173 173 170
 173 173 173 173 171 111  42  83 153 175 174 175 174 172 172 173
 173 173 172 173 173 172 119  48  48  93 146 174 174 173 174 172
 173 172 174 175 175 173 174 113  44  41  52  82 145 176 175 174
 170 173 173 174 173 171 176 174  86  49  56  55  49 104 175 173
 169 171 172 175 172 173 173 129  51  51  44  68 140 174 173 172
 168 168 172 173 172 170 147  44  50  48 115 168 173 173 172 171
 169 168 169 171 169 148  65  42  96 159 172 170 171 172 171 167
 167 168 168 170 152  73  82 145 170 169 170 169 170 170 170 169
 171 169 167 162  83 118 168 169 169 168 170 170 169 171 168 168
 168 169 166 127 159 167 168 171 170 168 168 168 168 168 168 165
 167 167 166 167 169 169 167 168 168 167 165 166 169 169 166 166
 164 163 163 165 165 167 165 166 168 167 167 164 165 164 166 166
 182 183 183 182 183 183 183 182 183 183 184 182 182 182 182 182
 183 184 182 183 183 185 186 185 184 186 186 183 183 184 184 183
 182 183 165 118 146 184 186 185 184 185 185 185 184 184 184 183
 182 184 184 176 109  92 153 184 185 185 185 185 184 184 184 182
 184 185 185 185 182 121  52  95 162 186 186 186 186 184 184 183
 185 187 185 184 184 185 131  57  56 103 156 186 187 185 186 183
 184 186 186 186 186 185 185 123  51  48  59  91 156 186 186 184
 182 185 185 185 186 185 186 184  97  57  65  64  57 114 185 185
 182 184 184 184 184 185 185 139  58  59  51  76 149 184 184 183
 180 182 183 183 184 183 157  50  58  55 123 180 183 184 183 182
 179 180 181 181 183 161  73  50 105 169 182 182 183 183 183 180
 179 181 179 181 164  83  90 154 181 182 182 181 181 183 183 181
 180 181 179 172  94 131 178 180 181 181 183 181 181 183 181 179
 179 180 178 138 170 180 180 181 181 180 180 180 181 181 180 178
 177 179 178 178 180 181 180 179 180 180 179 179 180 181 179 179
 175 176 176 177 176 178 177 177 177 177 177 177 177 176 178 176
 187 188 187 187 188 190 189 189 189 190 190 189 189 187 188 188
 188 190 187 187 190 190 191 191 190 191 191 189 190 190 191 190
 188 190 171 124 152 190 192 191 190 190 191 191 190 191 190 189
 187 190 190 181 113  95 159 191 191 191 191 191 191 190 190 189
 190 191 190 191 189 125  51  97 167 192 192 193 192 191 190 189
 189 191 191 190 192 191 134  57  57 104 161 192 193 192 191 190
 190 191 192 191 193 192 191 127  51  48  60  93 161 193 192 190
 188 191 191 191 193 193 192 191  99  58  67  66  59 119 192 190
 187 191 189 191 190 191 191 141  58  60  51  79 155 190 191 189
 185 187 188 189 189 189 162  51  58  56 128 186 190 191 190 188
 185 186 187 187 188 165  75  50 108 175 189 188 189 189 189 186
 184 187 186 186 169  85  93 160 187 188 189 188 187 189 188 186
 184 187 186 178  96 135 184 185 186 187 188 188 188 189 187 186
 183 187 185 144 175 186 186 186 187 187 188 187 188 189 188 185
 183 186 185 184 186 188 187 186 186 186 187 187 188 188 187 185
 180 183 183 182 183 185 185 183 184 184 184 184 185 183 183 183

 172 171 171 170 173 172 174 173 172 171 167 169 168 165 166 166
 170 172 172 173 172 174 175 175 173 172 171 170 168 168 166 166
 171 173 171 173 172 173 176 104 174 173 172 170 171 168 169 164
 171 173 171 172 174 174 145  49 140 173 171 170 169 168 169 165
 171 172 175 172 175 174  82  55  68 168 170 169 170 168 166 164
 170 174 173 174 174 146  52  56  44 115 172 170 170 168 165 167
 170 175 174 174 175  93  41  49  51  48 159 169 168 168 167 167
 171 171 172 173 153  48  44  86  51  50  96 170 169 170 168 168
 172 173 171 171  83  48 113 174 129  44  42 145 169 171 168 166
 174 173 174 141  42 119 174 176 173 147  65  82 168 168 167 165
 173 175 174  82 111 172 173 171 173 170 148  73 118 167 169 167
 170 172 134  99 171 173 175 173 172 172 169 152  83 159 169 165
 171 169 105 163 173 173 175 174 175 173 171 170 162 127 167 165
 171 169 153 171 173 172 174 173 172 172 169 168 167 166 166 163
 172 172 173 172 173 173 172 173 171 168 168 168 169 169 167 163
 171 170 170 170 173 173 173 170 169 168 169 167 171 168 167 164
 182 183 183 182 183 183 184 185 183 182 180 181 179 178 179 176
 182 184 184 184 184 186 186 185 184 183 183 183 181 180 179 178
 182 184 184 184 184 185 186 114 184 184 183 183 183 181 181 176
 182 183 184 184 186 187 156  57 149 183 183 181 181 181 180 177
 182 183 185 185 186 186  91  64  76 180 182 181 181 180 179 177
 184 186 185 185 186 156  59  65  51 123 182 182 183 180 179 177
 183 186 185 185 186 103  48  57  59  55 169 182 181 180 180 177
 183 184 184 185 162  56  51  97  58  58 105 181 181 181 180 177
 182 185 185 184  95  57 123 184 139  50  50 154 180 181 179 177
 183 186 186 153  52 131 185 186 185 157  73  90 178 180 180 177
 183 185 184  92 121 185 185 185 185 183 161  83 131 180 181 178
 183 183 146 109 182 184 186 186 184 184 183 164  94 170 180 176
 182 183 118 176 185 184 186 185 184 183 181 181 172 138 178 177
 183 182 165 184 185 185 186 185 184 183 181 179 179 178 178 176
 183 184 183 184 185 187 186 185 184 182 180 181 181 180 179 176
 182 183 182 182 184 185 184 182 182 180 179 179 180 179 177 175
 188 190 189 189 189 190 190 190 189 188 186 186 186 185 185 183
 188 191 190 190 190 191 192 192 191 190 189 188 187 188 187 183
 187 190 191 190 191 192 193 119 190 191 189 189 189 189 188 183
 189 190 190 191 192 193 161  59 155 190 189 187 188 188 188 185
 189 189 191 191 193 192  93  66  79 186 188 188 188 187 187 184
 190 191 191 191 192 161  60  67  51 128 189 189 188 188 187 184
 190 191 190 191 192 104  48  58  60  56 175 188 187 187 186 184
 189 190 190 191 167  57  51  99  58  58 108 187 186 187 186 184
 189 191 191 191  97  57 127 191 141  51  50 160 185 186 186 183
 189 191 192 159  51 134 191 192 191 162  75  93 184 186 187 185
 190 190 190  95 125 191 192 193 191 189 165  85 135 186 188 185
 188 190 152 113 189 192 193 193 190 189 188 169  96 175 186 183
 187 187 124 181 191 190 191 191 191 189 187 186 178 144 184 182
 187 187 171 190 190 191 192 191 189 188 187 186 186 185 185 183
 188 190 190 190 191 191 191 191 191 187 186 187 187 187 186 183
 187 188 188 187 190 189 190 188 187 185 185 184 184 183 183 180

 166 166 164 165 164 167 167 168 166 165 167 165 165 163 163 164
 166 166 169 169 166 165 167 168 168 167 169 169 167 166 167 167
 165 168 168 168 168 168 168 170 171 168 167 159 127 166 169 168
 168 168 171 169 170 170 168 169 169 168 118  83 162 167 169 171
 169 170 170 170 169 170 169 170 145  82  73 152 170 168 168 167
 167 171 172 171 170 172 159  96  42  65 148 169 171 169 168 169
 171 172 173 173 168 115  48  50  44 147 170 172 173 172 168 168
 172 173 174 140  68  44  51  51 129 173 173 172 175 172 171 169
 173 175 104  49  55  56  49  86 174 176 171 173 174 173 173 170
 174 175 176 145  82  52  41  44 113 174 173 175 175 174 172 173
 172 174 173 174 174 146  93  48  48 119 172 173 173 172 173 173
 173 172 172 174 175 174 175 153  83  42 111 171 173 173 173 173
 170 173 173 172 172 174 174 173 171 141  82  99 163 171 172 170
 171 172 171 171 175 173 174 172 171 174 174 134 105 153 173 170
 171 172 173 173 172 174 175 171 173 173 175 172 169 169 172 170
 172 170 171 171 171 170 170 171 172 174 173 170 171 171 172 171
 176 178 176 177 177 177 177 177 177 177 178 176 177 176 176 175
 179 179 181 180 179 179 180 180 179 180 181 180 178 178 179 177
 178 180 181 181 180 180 180 181 181 180 180 170 138 178 180 179
 179 181 183 181 181 183 181 181 180 178 131  94 172 179 181 180
 181 183 183 181 181 182 182 181 154  90  83 164 181 179 181 179
 180 183 183 183 182 182 169 105  50  73 161 183 181 181 180 179
 182 183 184 183 180 123  55  58  50 157 183 184 183 183 182 180
 183 184 184 149  76  51  59  58 139 185 185 184 184 184 184 182
 185 185 114  57  64  65  57  97 184 186 185 186 185 185 185 182
 184 186 186 156  91  59  48  51 123 185 185 186 186 186 186 184
 183 186 185 187 186 156 103  56  57 131 185 184 184 185 187 185
 183 184 184 186 186 186 186 162  95  52 121 182 185 185 185 184
 182 184 184 184 185 185 185 185 184 153  92 109 176 184 184 182
 183 184 184 184 185 185 185 184 185 186 184 146 118 165 183 182
 183 184 184 183 183 186 186 184 185 186 185 183 183 182 184 183
 182 182 182 182 182 184 183 183 182 183 183 183 182 183 183 182
 183 183 183 185 184 184 184 184 183 185 185 183 182 183 183 180
 185 187 188 188 187 187 186 186 186 187 188 186 184 185 186 183
 185 188 189 188 187 188 187 187 186 186 186 175 144 185 187 183
 186 187 189 188 188 188 187 186 185 184 135  96 178 186 187 184
 186 188 189 187 188 189 188 187 160  93  85 169 186 186 187 184
 186 189 189 189 188 189 175 108  50  75 165 188 187 187 186 185
 188 190 191 190 186 128  56  58  51 162 189 189 189 188 187 185
 189 191 190 155  79  51  60  58 141 191 191 190 191 189 191 187
 190 192 119  59  66  67  58  99 191 192 193 193 191 191 191 188
 190 192 193 161  93  60  48  51 127 191 192 193 191 192 191 190
 190 191 192 193 192 161 104  57  57 134 191 192 190 191 191 189
 189 190 191 192 193 192 192 167  97  51 125 189 191 190 191 190
 189 190 190 191 191 191 191 191 191 159  95 113 181 190 190 187
 189 190 191 190 191 191 190 190 191 192 190 152 124 171 190 188
 190 191 190 190 189 191 191 190 191 191 190 190 187 187 190 188
 188 188 187 189 189 190 190 189 189 189 190 188 187 187 188 187

