 127 136 136 135 135 134 133 137 139 134 131 131 133 136 140 132
 146 151 152 152 153 152 152 153 152 106 122 154 155 156 157 151
 143 153 154 152 153 155 154 153 116  95 152 155 155 158 157 153
 145 153 152 155 155 155 154 127  87 144 154 153 153 156 158 156
 149 154 156 158 155 155 134  76 142 159 158 157 157 159 159 153
 149 157 157 157 156 138  83 135 159 159 160 160 159 159 160 156
 146 157 158 157 141  82 131 157 158 158 159 160 160 160 161 158
 147 158 158 148  74  79 113 123 131 124 122 128 132 127 158 156
 148 157 158  99  42  63  59  48  57  64  58  60  46  63 150 158
 151 155 156 154 101  83 135 143 144 142 138 131 132 133 159 158
 150 157 157 158 159 118  81 147 159 160 160 160 161 161 160 154
 152 157 158 157 160 162 133  72 128 157 162 164 163 162 161 156
 149 158 156 157 159 161 162 140  73 123 160 163 161 162 161 157
 151 157 158 157 158 160 162 163 152  80 102 159 160 161 165 161
 158 160 160 160 160 159 161 162 163 155 101 119 161 162 164 160
 154 156 155 158 160 158 156 156 158 157 155 149 157 160 162 158
 138 146 146 146 146 145 144 148 150 147 144 142 144 148 151 147
 154 161 162 162 163 163 163 163 160 112 127 164 164 164 164 159
 154 162 163 163 162 164 165 163 124 100 160 164 163 166 165 161
 153 163 163 163 163 164 164 135  93 152 163 163 164 165 165 162
 156 164 164 164 164 164 142  81 150 166 165 165 165 165 165 160
 156 164 164 164 165 146  87 144 165 166 166 167 166 166 167 162
 155 164 164 164 150  86 137 165 166 167 166 166 166 166 166 164
 158 165 165 155  77  85 118 128 137 131 130 136 138 131 164 163
 155 165 166 104  49  70  66  53  61  68  63  66  51  66 155 164
 158 165 165 161 107  87 141 150 153 150 146 139 141 143 166 165
 158 166 166 165 165 124  84 151 165 166 167 167 168 168 167 163
 159 166 167 166 166 167 139  79 134 165 167 168 169 169 168 164
 159 167 167 167 167 166 166 148  77 126 165 169 167 168 169 166
 160 167 166 167 168 167 168 168 156  85 106 164 167 168 170 166
 165 167 167 169 168 167 168 168 168 161 106 123 166 167 169 166
 161 164 164 166 167 164 164 164 166 164 160 156 165 166 167 164
 143 152 153 154 154 152 151 156 158 155 152 149 152 155 157 152
 162 169 170 171 171 172 173 173 171 120 134 171 172 173 173 167
 163 171 172 170 171 173 173 171 131 106 169 172 172 173 174 169
 160 173 173 173 173 172 172 141  97 161 174 172 172 173 173 170
 164 173 173 173 173 172 148  86 158 175 174 173 173 174 174 168
 164 174 174 173 173 152  90 153 176 175 175 174 173 175 175 169
 162 173 174 173 159  91 145 175 173 175 175 174 175 175 175 172
 164 173 173 163  81  88 125 135 144 139 136 142 145 137 172 170
 164 172 172 107  49  72  67  55  61  69  64  68  53  69 163 171
 167 173 172 168 111  92 148 156 160 156 151 145 147 148 172 170
 165 174 175 174 173 129  87 159 174 174 175 174 174 175 174 169
 166 173 176 174 174 174 143  81 140 172 175 176 175 176 176 170
 167 174 175 175 175 174 174 153  78 133 173 175 173 174 175 172
 167 173 175 175 175 175 174 174 161  87 111 171 172 174 175 171
 170 173 175 176 177 176 175 175 174 166 109 128 173 174 175 171
 167 172 173 173 175 173 172 173 174 170 166 162 171 172 173 168

 132 151 153 156 153 156 158 156 158 158 154 156 157 161 160 158
 140 157 157 158 159 160 161 158 150 159 160 161 161 165 164 162
 136 156 158 156 159 159 160 127  63 133 161 162 162 161 162 160
 133 155 155 153 157 159 160 132  46 132 161 163 161 160 161 157
 131 154 155 153 157 160 160 128  60 131 160 164 163 159 119 149
 131 122 152 154 158 160 159 122  58 138 160 162 160 102 101 155
 134 106  95 144 159 159 158 124  64 142 160 157 123  80 155 157
 139 152 116  87 142 159 158 131  57 144 159 128  73 152 163 158
 137 153 153 127  76 135 157 123  48 143 147  72 140 163 162 156
 133 152 154 154 134  83 131 113  59 135  81 133 162 162 161 156
 134 152 155 155 155 138  82  79  63  83 118 162 161 160 159 158
 135 153 153 155 155 156 141  74  42 101 159 160 159 158 160 160
 135 152 152 155 158 157 157 148  99 154 158 157 157 157 160 158
 136 152 154 152 156 157 158 158 158 156 157 158 156 158 160 155
 136 151 153 153 154 157 157 158 157 155 157 157 158 157 160 156
 127 146 143 145 149 149 146 147 148 151 150 152 149 151 158 154
 147 159 161 162 160 162 164 163 164 165 163 164 166 166 166 164
 151 164 165 165 165 167 166 164 155 166 167 168 169 170 169 167
 148 164 166 165 165 166 166 131  66 143 168 169 168 168 167 166
 144 164 163 164 165 166 166 138  51 141 168 169 167 167 166 165
 142 164 164 163 165 167 166 136  66 139 167 168 169 164 123 156
 144 127 160 163 165 166 166 130  63 146 167 167 165 106 106 160
 147 112 100 152 166 166 167 131  68 150 166 165 126  85 161 164
 150 160 124  93 150 165 166 137  61 153 165 134  77 156 168 166
 148 163 163 135  81 144 165 128  53 150 151  79 148 168 168 164
 144 163 165 164 142  87 137 118  66 141  84 139 166 168 168 164
 145 163 164 164 164 146  86  85  70  87 124 167 166 167 167 164
 146 163 162 163 164 165 150  77  49 107 165 166 167 168 168 167
 146 162 163 163 164 164 164 155 104 161 165 166 167 167 169 166
 146 162 163 163 164 164 164 165 166 165 166 167 167 166 167 164
 146 161 162 163 164 164 164 165 165 165 166 166 167 167 167 164
 138 154 154 153 156 156 155 158 155 158 158 159 159 160 165 161
 152 167 169 170 168 169 172 170 171 170 169 170 172 171 171 168
 157 173 174 173 174 175 175 172 163 172 174 176 175 175 175 173
 155 173 173 173 174 175 175 137  69 148 175 176 174 174 174 172
 152 172 172 172 173 173 175 145  53 147 174 175 173 172 173 171
 149 171 172 172 173 174 174 142  68 145 174 176 175 171 128 162
 152 134 169 174 174 175 175 136  64 151 175 175 173 111 109 166
 155 120 106 161 175 175 175 139  69 156 174 172 133  87 166 170
 158 171 131  97 158 176 173 144  61 160 174 140  78 161 174 174
 156 173 171 141  86 153 175 135  55 156 159  81 153 174 175 173
 151 173 173 172 148  90 145 125  67 148  87 143 174 174 175 172
 152 172 173 172 172 152  91  88  72  92 129 174 174 175 176 173
 154 171 171 173 173 173 159  81  49 111 173 174 175 175 177 175
 154 171 170 173 173 173 173 163 107 168 174 174 175 175 176 173
 153 170 172 173 173 174 174 173 172 172 175 176 175 175 175 173
 152 169 171 173 173 174 173 173 172 173 174 173 174 173 173 172
 143 162 163 160 164 164 162 164 164 167 165 166 167 167 170 167

 158 162 160 157 149 155 157 158 156 156 158 160 158 155 156 154
 160 164 162 161 119 101 155 163 162 161 159 160 160 160 160 158
 161 165 161 160 159 102  80 152 163 162 160 158 157 158 157 151
 157 161 162 161 163 160 123  73 140 162 161 159 157 156 158 149
 156 161 162 163 164 162 157 128  72 133 162 160 157 158 157 152
 154 160 161 161 160 160 160 159 147  81 118 159 158 157 157 150
 158 159 133 132 131 138 142 144 143 135  83 101 154 156 155 151
 158 150  63  46  60  58  64  57  48  59  63  42  99 158 157 148
 156 158 127 132 128 122 124 131 123 113  79  74 148 158 158 147
 158 161 160 160 160 159 158 158 157 131  82 141 157 158 157 146
 156 160 159 159 160 160 159 159 135  83 138 156 157 157 157 149
 153 159 159 157 157 158 159 142  76 134 155 155 158 156 154 149
 156 158 156 153 153 154 144  87 127 154 155 155 155 152 153 145
 153 157 158 155 155 152  95 116 153 154 155 153 152 154 153 143
 151 157 156 155 154 122 106 152 153 152 152 153 152 152 151 146
 132 140 136 133 131 131 134 139 137 133 134 135 135 136 136 127
 164 167 166 165 156 160 164 166 164 164 164 167 166 164 164 161
 166 169 167 166 123 106 161 168 168 168 167 168 169 167 167 165
 166 170 168 167 164 106  85 156 168 168 167 168 167 166 167 160
 166 169 168 167 169 165 126  77 148 166 166 167 167 167 167 159
 164 168 169 169 168 167 165 134  79 139 167 166 166 167 166 159
 163 167 168 168 167 167 166 165 151  84 124 165 165 166 166 158
 165 166 143 141 139 146 150 153 150 141  87 107 161 165 165 158
 164 155  66  51  66  63  68  61  53  66  70  49 104 166 165 155
 163 164 131 138 136 130 131 137 128 118  85  77 155 165 165 158
 164 166 166 166 166 166 167 166 165 137  86 150 164 164 164 155
 162 167 166 166 167 166 166 165 144  87 146 165 164 164 164 156
 160 165 165 165 165 165 166 150  81 142 164 164 164 164 164 156
 162 165 165 164 163 163 152  93 135 164 164 163 163 163 163 153
 161 165 166 163 164 160 100 124 163 165 164 162 163 163 162 154
 159 164 164 164 164 127 112 160 163 163 163 163 162 162 161 154
 147 151 148 144 142 144 147 150 148 144 145 146 146 146 146 138
 168 173 172 171 162 166 170 174 173 172 173 175 173 173 172 167
 171 175 174 173 128 109 166 174 175 175 176 177 176 175 173 170
 171 175 174 172 171 111  87 161 174 174 175 175 175 175 173 167
 172 175 174 173 175 173 133  78 153 174 174 175 175 175 174 167
 170 176 176 175 176 175 172 140  81 143 174 174 174 176 173 166
 169 174 175 174 174 175 174 174 159  87 129 173 174 175 174 165
 170 172 148 147 145 151 156 160 156 148  92 111 168 172 173 167
 171 163  69  53  68  64  69  61  55  67  72  49 107 172 172 164
 170 172 137 145 142 136 139 144 135 125  88  81 163 173 173 164
 172 175 175 175 174 175 175 173 175 145  91 159 173 174 173 162
 169 175 175 173 174 175 175 176 153  90 152 173 173 174 174 164
 168 174 174 173 173 174 175 158  86 148 172 173 173 173 173 164
 170 173 173 172 172 174 161  97 141 172 172 173 173 173 173 160
 169 174 173 172 172 169 106 131 171 173 173 171 170 172 171 163
 167 173 173 172 171 134 120 171 173 173 172 171 171 170 169 162
 152 157 155 152 149 152 155 158 156 151 152 154 154 153 152 143

 154 158 151 149 152 150 151 148 147 146 149 149 145 143 146 127
 156 160 157 158 157 157 155 157 158 157 157 154 153 153 151 136
 155 160 158 156 158 157 156 158 158 158 157 156 152 154 152 136
 158 160 157 157 157 158 154  99 148 157 157 158 155 152 152 135
 160 160 158 159 160 159 101  42  74 141 156 155 155 153 153 135
 158 159 160 161 162 118  83  63  79  82 138 155 155 155 152 134
 156 161 162 162 133  81 135  59 113 131  83 134 154 154 152 133
 156 162 163 140  72 147 143  48 123 157 135  76 127 153 153 137
 158 163 152  73 128 159 144  57 131 158 159 142  87 116 152 139
 157 155  80 123 157 160 142  64 124 158 159 159 144  95 106 134
 155 101 102 160 162 160 138  58 122 159 160 158 154 152 122 131
 149 119 159 163 164 160 131  60 128 160 160 157 153 155 154 131
 157 161 160 161 163 161 132  46 132 160 159 157 153 155 155 133
 160 162 161 162 162 161 133  63 127 160 159 159 156 158 156 136
 162 164 165 161 161 160 159 150 158 161 160 159 158 157 157 140
 158 160 161 157 156 154 158 158 156 158 156 153 156 153 151 132
 161 165 160 159 159 158 158 155 158 155 156 156 153 154 154 138
 164 167 167 167 166 166 165 165 165 164 164 164 163 162 161 146
 164 167 166 167 167 166 165 166 165 164 164 164 163 163 162 146
 166 169 167 167 166 165 161 104 155 164 164 164 163 163 162 146
 167 168 168 167 166 165 107  49  77 150 165 164 163 162 163 146
 164 167 167 166 167 124  87  70  85  86 146 164 164 164 163 145
 164 168 168 166 139  84 141  66 118 137  87 142 164 165 163 144
 164 168 168 148  79 151 150  53 128 165 144  81 135 163 163 148
 166 168 156  77 134 165 153  61 137 166 165 150  93 124 160 150
 164 161  85 126 165 166 150  68 131 167 166 166 152 100 112 147
 160 106 106 165 167 167 146  63 130 166 166 165 163 160 127 144
 156 123 164 169 168 167 139  66 136 166 167 165 163 164 164 142
 165 166 167 167 169 168 141  51 138 166 166 165 164 163 164 144
 166 167 168 168 169 168 143  66 131 166 166 165 165 166 164 148
 167 169 170 169 168 167 166 155 164 166 167 165 165 165 164 151
 164 166 166 166 164 163 165 164 163 164 162 160 162 161 159 147
 167 170 167 167 166 165 167 164 164 162 164 164 160 163 162 143
 172 173 173 174 173 174 173 172 173 173 174 173 173 171 169 152
 173 175 175 175 176 175 172 172 173 174 174 173 173 172 170 153
 173 176 175 175 174 174 168 107 163 173 173 173 173 170 171 154
 175 177 175 175 174 173 111  49  81 159 173 173 173 171 171 154
 173 176 175 174 174 129  92  72  88  91 152 172 172 173 172 152
 172 175 174 174 143  87 148  67 125 145  90 148 172 173 173 151
 173 175 174 153  81 159 156  55 135 175 153  86 141 171 173 156
 174 174 161  78 140 174 160  61 144 173 176 158  97 131 171 158
 170 166  87 133 172 174 156  69 139 175 175 175 161 106 120 155
 166 109 111 173 175 175 151  64 136 175 175 174 174 169 134 152
 162 128 171 175 176 174 145  68 142 174 174 173 172 172 171 149
 171 173 172 173 175 174 147  53 145 175 173 173 172 172 172 152
 172 174 174 174 176 175 148  69 137 175 175 174 173 173 173 155
 173 175 175 175 176 174 172 163 172 175 175 174 173 174 173 157
 168 171 171 172 170 169 170 171 170 172 169 168 170 169 167 152

