 176 178 177 178 179 158 144 148 159 185 187 187 186 191 192 191
 177 174 176 175 155 159 179 180 160 149 184 186 188 188 186 187
 179 174 176 176 150 177 179 180 182 174 162 186 188 188 186 186
 178 173 176 177 140 177 177 179 183 181 151 187 186 186 187 185
 179 175 178 177 158 166 180 180 182 181 159 185 186 187 188 185
 176 176 177 176 171 154 149 170 168 151 184 186 187 187 188 188
 174 176 175 167 114 164 174 127 162 183 185 185 187 188 188 188
 172 175 177 176 172 101 163 128 181 185 184 183 187 189 190 190
 172 177 177 175 177 175 106 103 147 163 153 163 187 187 189 191
 174 175 176 176 179 179 170 102 146 162 176 175 187 188 189 190
 176 174 174 176 178 179 178 132 183 182 185 184 187 188 191 189
 178 173 175 178 179 181 169 101 165 183 183 184 188 189 190 189
 173 174 175 178 180 171 125 182 119 172 182 186 188 188 188 187
 179 176 177 176 173 132 185 183 171 134 182 186 187 187 188 186
 178 176 175 174 163 176 182 183 180 169 179 183 185 187 188 185
 177 177 178 177 179 182 186 184 181 184 184 186 188 190 191 189
 178 178 177 177 178 156 144 145 159 184 185 184 185 187 189 189
 177 174 175 176 155 158 179 179 160 146 183 184 184 186 185 187
 178 175 176 177 149 178 179 180 181 171 160 184 185 186 186 185
 178 175 177 178 140 179 179 180 181 180 147 184 185 186 186 184
 179 175 178 177 158 167 178 180 181 180 157 184 185 186 186 183
 176 176 177 177 169 153 148 168 165 149 182 185 186 187 186 186
 174 176 176 170 110 161 172 119 160 182 184 184 186 186 186 186
 174 177 177 178 175  98 162 124 182 183 184 184 186 186 186 188
 174 177 177 178 179 173 103 103 147 160 151 161 186 185 186 189
 175 175 176 178 179 180 172 101 146 163 178 174 186 186 186 187
 178 175 176 178 179 180 179 134 184 183 184 185 186 186 186 186
 179 175 177 179 179 179 169  99 164 183 184 185 186 186 186 185
 176 177 177 179 179 170 121 180 117 171 184 185 186 186 186 185
 178 177 177 178 172 130 181 182 172 131 183 185 186 186 186 185
 179 177 177 178 164 176 181 183 183 166 182 185 184 185 186 184
 180 180 181 181 182 183 184 184 182 182 185 187 188 189 190 188
 180 181 180 180 179 156 144 144 159 184 185 186 187 189 189 188
 177 177 178 178 156 160 182 183 161 147 183 184 185 185 184 186
 178 177 178 180 153 182 182 182 183 172 160 184 185 185 185 184
 180 177 177 179 142 181 181 182 184 180 148 185 185 185 187 182
 181 178 178 181 160 168 182 181 182 180 158 185 185 185 186 182
 177 179 180 181 172 155 149 170 168 150 184 185 186 186 186 183
 176 178 179 173 111 165 173 119 164 184 186 186 186 186 187 185
 177 178 181 180 177 101 163 127 184 185 185 186 186 186 187 188
 177 179 180 181 182 176 105 103 146 158 152 164 186 186 187 189
 179 180 180 182 181 181 174 102 146 164 179 177 187 185 188 187
 182 180 180 180 182 181 182 136 186 185 186 185 187 186 188 185
 182 181 182 182 181 181 174 100 165 185 186 185 187 187 188 185
 180 181 182 183 182 173 124 181 119 174 187 186 187 187 187 185
 184 180 181 183 177 134 184 184 176 134 186 187 186 188 187 185
 183 180 180 179 170 179 183 184 186 171 186 187 187 187 187 185
 183 183 186 186 187 187 187 185 184 186 188 187 188 189 189 187

 191 187 186 185 185 188 188 190 191 190 189 189 187 186 185 189
 192 186 186 187 188 188 188 190 189 189 191 190 188 188 188 191
 191 188 188 186 187 187 188 189 187 188 188 189 188 187 187 190
 186 188 188 186 186 187 187 187 187 187 187 188 188 187 185 188
 187 186 186 187 185 186 185 183 163 175 184 184 186 186 183 186
 187 184 162 151 159 184 185 184 153 176 185 183 182 182 179 184
 185 149 174 181 181 151 183 185 163 162 182 183 172 134 169 184
 159 160 182 183 182 168 162 181 147 146 183 165 119 171 180 181
 148 180 180 179 180 170 127 128 103 102 132 101 182 183 183 184
 144 179 179 177 180 149 174 163 106 170 178 169 125 185 182 186
 158 159 177 177 166 154 164 101 175 179 179 181 171 132 176 182
 179 155 150 140 158 171 114 172 177 179 178 179 180 173 163 179
 178 175 176 177 177 176 167 176 175 176 176 178 178 176 174 177
 177 176 176 176 178 177 175 177 177 176 174 175 175 177 175 178
 178 174 174 173 175 176 176 175 177 175 174 173 174 176 176 177
 176 177 179 178 179 176 174 172 172 174 176 178 173 179 178 177
 189 187 185 184 183 186 186 188 189 187 186 185 185 185 184 188
 189 185 186 186 186 186 186 186 186 186 186 186 186 186 186 190
 187 186 186 186 186 187 186 186 185 186 186 186 186 186 185 189
 185 184 185 185 185 186 186 186 186 186 186 186 186 186 184 188
 184 184 184 184 184 185 184 184 161 174 185 185 185 185 185 187
 185 183 160 147 157 182 184 184 151 178 184 184 184 183 182 185
 184 146 171 180 180 149 182 183 160 163 183 183 171 131 166 182
 159 160 181 181 181 165 160 182 147 146 184 164 117 172 183 182
 145 179 180 180 180 168 119 124 103 101 134  99 180 182 183 184
 144 179 179 179 178 148 172 162 103 172 179 169 121 181 181 184
 156 158 178 179 167 153 161  98 173 180 180 179 170 130 176 183
 178 155 149 140 158 169 110 175 179 179 179 179 179 172 164 182
 177 176 177 178 177 177 170 178 178 178 178 179 179 178 178 181
 177 175 176 177 178 177 176 177 177 176 176 177 177 177 177 181
 178 174 175 175 175 176 176 177 177 175 175 175 177 177 177 180
 178 177 178 178 179 176 174 174 174 175 178 179 176 178 179 180
 188 186 184 182 182 183 185 188 189 187 185 185 185 185 185 187
 189 184 185 187 186 186 187 187 187 188 188 188 187 187 187 189
 189 185 185 185 185 186 186 186 186 185 186 187 187 188 187 189
 187 185 185 185 185 186 186 186 186 187 187 187 187 186 187 188
 186 184 184 185 185 185 186 186 164 177 185 185 186 187 187 187
 185 183 160 148 158 184 186 185 152 179 186 186 187 186 186 188
 184 147 172 180 180 150 184 185 158 164 185 185 174 134 171 186
 159 161 183 184 182 168 164 184 146 146 186 165 119 176 186 184
 144 183 182 182 181 170 119 127 103 102 136 100 181 184 184 185
 144 182 182 181 182 149 173 163 105 174 182 174 124 184 183 187
 156 160 182 181 168 155 165 101 176 181 181 181 173 134 179 187
 179 156 153 142 160 172 111 177 182 181 182 181 182 177 170 187
 180 178 180 179 181 181 173 180 181 182 180 182 183 183 179 186
 180 178 178 177 178 180 179 181 180 180 180 182 182 181 180 186
 181 177 177 177 178 179 178 178 179 180 180 181 181 180 180 183
 180 177 178 180 181 177 176 177 177 179 182 182 180 184 183 183

 189 191 190 188 186 184 184 181 184 186 182 179 177 178 177 177
 185 188 187 185 183 179 169 180 183 182 176 163 174 175 176 178
 186 188 187 187 186 182 134 171 183 185 132 173 176 177 176 179
 187 188 188 188 186 182 172 119 182 125 171 180 178 175 174 173
 189 190 189 188 184 183 183 165 101 169 181 179 178 175 173 178
 189 191 188 187 184 185 182 183 132 178 179 178 176 174 174 176
 190 189 188 187 175 176 162 146 102 170 179 179 176 176 175 174
 191 189 187 187 163 153 163 147 103 106 175 177 175 177 177 172
 190 190 189 187 183 184 185 181 128 163 101 172 176 177 175 172
 188 188 188 187 185 185 183 162 127 174 164 114 167 175 176 174
 188 188 187 187 186 184 151 168 170 149 154 171 176 177 176 176
 185 188 187 186 185 159 181 182 180 180 166 158 177 178 175 179
 185 187 186 186 187 151 181 183 179 177 177 140 177 176 173 178
 186 186 188 188 186 162 174 182 180 179 177 150 176 176 174 179
 187 186 188 188 186 184 149 160 180 179 159 155 175 176 174 177
 191 192 191 186 187 187 185 159 148 144 158 179 178 177 178 176
 188 190 189 188 187 185 182 182 184 184 183 182 181 181 180 180
 184 186 185 184 185 182 166 183 183 181 176 164 178 177 177 179
 185 186 186 186 185 183 131 172 182 181 130 172 178 177 177 178
 185 186 186 186 185 184 171 117 180 121 170 179 179 177 177 176
 185 186 186 186 185 184 183 164  99 169 179 179 179 177 175 179
 186 186 186 186 185 184 183 184 134 179 180 179 178 176 175 178
 187 186 186 186 174 178 163 146 101 172 180 179 178 176 175 175
 189 186 185 186 161 151 160 147 103 103 173 179 178 177 177 174
 188 186 186 186 184 184 183 182 124 162  98 175 178 177 177 174
 186 186 186 186 184 184 182 160 119 172 161 110 170 176 176 174
 186 186 187 186 185 182 149 165 168 148 153 169 177 177 176 176
 183 186 186 185 184 157 180 181 180 178 167 158 177 178 175 179
 184 186 186 185 184 147 180 181 180 179 179 140 178 177 175 178
 185 186 186 185 184 160 171 181 180 179 178 149 177 176 175 178
 187 185 186 184 184 183 146 160 179 179 158 155 176 175 174 177
 189 189 187 185 184 185 184 159 145 144 156 178 177 177 178 178
 187 189 189 188 187 188 186 184 185 187 187 187 186 186 183 183
 185 187 187 187 187 186 171 186 184 183 179 170 179 180 180 183
 185 187 188 186 187 186 134 176 184 184 134 177 183 181 180 184
 185 187 187 187 186 187 174 119 181 124 173 182 183 182 181 180
 185 188 187 187 185 186 185 165 100 174 181 181 182 182 181 182
 185 188 186 187 185 186 185 186 136 182 181 182 180 180 180 182
 187 188 185 187 177 179 164 146 102 174 181 181 182 180 180 179
 189 187 186 186 164 152 158 146 103 105 176 182 181 180 179 177
 188 187 186 186 186 185 185 184 127 163 101 177 180 181 178 177
 185 187 186 186 186 186 184 164 119 173 165 111 173 179 178 176
 183 186 186 186 185 184 150 168 170 149 155 172 181 180 179 177
 182 186 185 185 185 158 180 182 181 182 168 160 181 178 178 181
 182 187 185 185 185 148 180 184 182 181 181 142 179 177 177 180
 184 185 185 185 184 160 172 183 182 182 182 153 180 178 177 178
 186 184 185 185 184 183 147 161 183 182 160 156 178 178 177 177
 188 189 189 187 186 185 184 159 144 144 156 179 180 180 181 180

 177 178 179 173 178 176 174 172 172 174 176 179 178 179 177 176
 177 176 176 174 173 174 175 177 175 176 176 175 173 174 174 178
 178 175 177 175 175 174 176 177 177 175 177 178 176 176 176 177
 177 174 176 178 178 176 176 175 176 167 176 177 177 176 175 178
 179 163 173 180 179 178 179 177 172 114 171 158 140 150 155 179
 182 176 132 171 181 179 179 175 101 164 154 166 177 177 159 158
 186 182 185 125 169 178 170 106 163 174 149 180 177 179 179 144
 184 183 183 182 101 132 102 103 128 127 170 180 179 180 180 148
 181 180 171 119 165 183 146 147 181 162 168 182 183 182 160 159
 184 169 134 172 183 182 162 163 185 183 151 181 181 174 149 185
 184 179 182 182 183 185 176 153 184 185 184 159 151 162 184 187
 186 183 186 186 184 184 175 163 183 185 186 185 187 186 186 187
 188 185 187 188 188 187 187 187 187 187 187 186 186 188 188 186
 190 187 187 188 189 188 188 187 189 188 187 187 186 188 188 191
 191 188 188 188 190 191 189 189 190 188 188 188 187 186 186 192
 189 185 186 187 189 189 190 191 190 188 188 185 185 186 187 191
 180 179 178 176 179 178 175 174 174 174 176 179 178 178 177 178
 180 177 177 177 175 175 175 177 177 176 176 175 175 175 174 178
 181 177 177 177 177 176 176 177 177 176 177 178 177 176 175 177
 181 178 178 179 179 178 178 178 178 170 177 177 178 177 176 177
 182 164 172 179 179 179 179 179 175 110 169 158 140 149 155 178
 183 176 130 170 179 180 180 173  98 161 153 167 179 178 158 156
 184 181 181 121 169 179 172 103 162 172 148 178 179 179 179 144
 184 183 182 180  99 134 101 103 124 119 168 180 180 180 179 145
 182 183 172 117 164 184 146 147 182 160 165 181 181 181 160 159
 182 166 131 171 183 183 163 160 183 182 149 180 180 171 146 184
 185 182 183 184 184 184 178 151 184 184 182 157 147 160 183 185
 187 185 185 185 185 185 174 161 184 184 185 184 184 184 184 184
 188 184 186 186 186 186 186 186 186 186 186 185 185 185 184 185
 189 185 186 186 186 186 186 185 186 186 187 186 186 186 186 187
 190 186 186 186 186 186 186 186 186 186 186 186 186 186 185 189
 188 184 185 185 185 186 187 189 188 186 186 183 184 185 187 189
 183 183 184 180 182 182 179 177 177 176 177 181 180 178 177 180
 183 180 180 181 181 180 180 179 178 178 179 178 177 177 177 181
 186 180 181 182 182 180 180 180 181 179 180 178 177 178 178 180
 186 179 183 183 182 180 182 181 180 173 181 181 179 180 178 180
 187 170 177 182 181 182 181 182 177 111 172 160 142 153 156 179
 187 179 134 173 181 181 181 176 101 165 155 168 181 182 160 156
 187 183 184 124 174 182 174 105 163 173 149 182 181 182 182 144
 185 184 184 181 100 136 102 103 127 119 170 181 182 182 183 144
 184 186 176 119 165 186 146 146 184 164 168 182 184 183 161 159
 186 171 134 174 185 185 164 158 185 184 150 180 180 172 147 184
 188 186 186 187 186 186 179 152 185 186 184 158 148 160 183 185
 187 187 187 186 185 185 177 164 186 186 185 185 185 184 184 186
 188 187 186 187 187 187 187 186 186 186 186 185 185 185 185 187
 189 187 188 187 187 186 185 186 186 186 186 185 185 185 185 189
 189 187 187 187 188 188 188 187 187 187 186 186 187 185 184 189
 187 185 185 185 185 185 187 189 188 185 183 182 182 184 186 188

