 201 203 203 201 204 203 202 203 203 201 202 202 202 201 199 200
 199 200 200 200 200 199 199 200 201 182 121 105 144 200 198 200
 200 198 200 199 199 200 201 202 197 122 188 201 142 142 199 202
 204 200 201 199 201 200 199 198 127 193 201 201 201 134 200 202
 204 203 203 202 203 202 200 203 119 201 202 202 201 160 196 203
 203 203 202 202 203 203 204 204 116 202 203 202 202 139 202 203
 201 203 202 202 203 203 202 204 113 169 204 205 165 162 202 204
 206 202 201 202 203 202 202 155 164 169 128 122 179 203 202 202
 206 201 204 202 204 203 150 164 205 204 204 204 203 203 203 202
 204 201 204 204 203 131 186 204 206 205 204 204 203 203 201 203
 201 204 203 202 137 201 206 204 205 206 205 204 203 204 204 205
 202 204 205 161 199 204 204 204 204 204 202 205 205 207 206 205
 206 204 204 204 205 204 205 205 204 205 205 206 205 208 207 204
 208 205 206 206 206 206 206 206 207 207 206 206 208 208 207 204
 208 206 206 206 207 205 203 206 208 207 206 207 206 208 208 206
 206 206 205 204 206 206 205 207 210 208 210 208 208 207 205 203
 198 200 199 199 199 199 199 199 199 199 199 199 198 199 197 198
 196 197 196 196 196 196 196 196 197 178 118 104 140 197 195 197
 198 196 197 195 196 197 197 198 192 116 185 197 137 137 195 197
 200 196 197 196 197 197 197 195 123 189 197 197 197 128 195 198
 200 197 198 197 199 198 197 198 113 197 198 198 197 153 191 200
 197 198 198 198 198 198 198 199 110 197 198 199 197 130 198 199
 198 198 198 198 199 199 198 199 107 164 200 201 159 155 198 200
 201 198 198 198 197 198 198 149 153 160 120 113 171 199 199 199
 202 198 200 198 199 199 140 158 199 199 199 200 200 199 199 199
 200 199 199 198 199 121 179 199 200 201 200 199 200 200 198 200
 197 199 198 196 126 195 199 199 200 201 201 201 201 200 199 200
 199 199 198 150 192 199 199 200 200 200 200 200 200 200 200 199
 201 199 198 198 198 199 201 199 200 201 201 200 199 200 199 198
 202 198 200 199 199 201 200 200 201 201 200 200 201 200 200 199
 202 199 198 200 200 200 199 200 201 200 200 200 200 201 201 200
 201 200 200 199 200 201 202 201 202 202 202 201 202 203 200 198
 199 200 199 200 200 201 202 200 199 200 200 200 200 201 201 202
 197 197 196 197 196 197 198 197 197 178 118 108 143 199 197 200
 200 198 199 197 196 197 198 199 193 119 186 200 139 138 196 200
 201 199 197 196 199 198 198 197 125 191 198 198 198 129 196 199
 199 197 199 198 199 199 198 198 111 196 198 198 197 155 193 200
 197 198 200 199 198 199 199 198 110 197 198 198 198 131 199 198
 198 199 199 199 200 199 198 198 107 166 198 200 159 155 198 198
 203 198 198 199 199 198 197 149 154 161 118 114 172 199 198 197
 202 198 198 197 198 198 141 158 199 199 199 199 199 199 200 199
 201 197 198 197 198 121 178 199 200 201 201 200 198 199 198 199
 196 198 198 194 127 195 199 199 200 200 199 199 200 198 198 197
 199 197 199 153 192 199 199 200 201 200 200 201 199 198 198 199
 202 199 197 197 199 199 199 199 199 199 199 198 198 199 199 198
 201 198 197 198 198 199 199 199 200 199 198 198 198 199 198 196
 200 197 198 198 197 199 199 200 200 198 199 199 199 199 198 197
 199 200 199 196 197 197 197 197 199 199 199 199 199 200 199 196

 200 200 202 202 203 203 204 202 202 203 205 205 204 204 206 203
 199 198 199 200 196 202 202 202 203 201 204 206 207 207 208 205
 201 200 142 134 160 139 162 203 203 203 204 207 208 208 208 207
 202 144 142 201 201 202 165 179 203 203 203 205 205 208 206 208
 202 105 201 201 202 202 205 122 204 204 204 205 206 206 207 208
 202 121 188 201 202 203 204 128 204 204 205 202 205 206 206 210
 201 182 122 193 201 202 169 169 204 205 206 204 205 207 207 208
 203 201 197 127 119 116 113 164 205 206 205 204 204 207 208 210
 203 200 202 198 203 204 204 155 164 204 204 204 205 206 206 207
 202 199 201 199 200 204 202 202 150 186 206 204 205 206 203 205
 203 199 200 200 202 203 203 202 203 131 201 204 204 206 205 206
 204 200 199 201 203 203 203 203 204 203 137 199 205 206 207 206
 201 200 199 199 202 202 202 202 202 204 202 161 204 206 206 204
 203 200 200 201 203 202 202 201 204 204 203 205 204 206 206 205
 203 200 198 200 203 203 203 202 201 201 204 204 204 205 206 206
 201 199 200 204 204 203 201 206 206 204 201 202 206 208 208 206
 198 197 197 198 200 199 200 199 199 200 200 199 198 199 200 198
 197 195 195 195 191 198 198 199 199 198 199 200 199 200 201 200
 199 197 137 128 153 130 155 199 199 200 200 200 200 200 201 203
 198 140 137 197 197 197 159 171 200 200 201 200 199 201 200 202
 199 104 197 197 198 199 201 113 200 199 201 200 200 200 200 201
 199 118 185 197 198 198 200 120 199 200 201 200 201 200 200 202
 199 178 116 189 197 197 164 160 199 201 201 200 201 201 200 202
 199 197 192 123 113 110 107 153 199 200 200 200 200 201 201 202
 199 196 198 195 198 199 199 149 158 199 199 200 199 200 200 201
 199 196 197 197 197 198 198 198 140 179 199 199 201 200 199 202
 199 196 197 197 198 198 199 198 199 121 195 199 199 201 200 201
 199 196 196 197 199 198 199 197 199 199 126 192 198 199 200 200
 199 196 195 196 197 198 198 198 198 198 196 150 198 199 200 199
 199 196 197 197 198 198 198 198 200 199 198 198 198 200 198 200
 200 197 196 196 197 198 198 198 198 199 199 199 199 198 199 200
 198 196 198 200 200 197 198 201 202 200 197 199 201 202 202 201
 202 200 200 199 200 198 198 197 199 199 197 199 198 196 197 196
 201 197 196 196 193 199 198 198 200 198 198 198 199 198 198 199
 201 199 138 129 155 131 155 199 199 199 198 198 199 199 199 200
 200 143 139 198 197 198 159 172 199 198 200 199 198 198 199 199
 200 108 200 198 198 198 200 114 199 200 199 201 198 198 199 199
 200 118 186 198 198 198 198 118 199 201 199 200 199 198 199 199
 200 178 119 191 196 197 166 161 199 201 200 200 199 199 198 199
 199 197 193 125 111 110 107 154 199 200 200 201 199 200 200 199
 200 197 199 197 198 198 198 149 158 199 199 200 199 199 200 197
 202 198 198 198 198 199 198 197 141 178 199 199 199 199 199 197
 201 197 197 198 199 199 199 198 198 121 195 199 199 199 199 197
 200 196 196 199 199 198 200 199 198 198 127 192 199 198 197 197
 200 197 197 196 198 199 199 199 197 197 194 153 197 198 198 196
 199 196 199 197 199 200 199 198 198 198 198 199 197 197 198 199
 200 197 198 199 197 198 199 198 198 197 198 197 199 198 197 200
 199 197 200 201 199 197 198 203 202 201 196 199 202 201 200 199

 203 205 207 208 208 210 208 210 207 205 206 206 204 205 206 206
 206 208 208 206 207 206 207 208 206 203 205 207 206 206 206 208
 204 207 208 208 206 206 207 207 206 206 206 206 206 206 205 208
 204 207 208 205 206 205 205 204 205 205 204 205 204 204 204 206
 205 206 207 205 205 202 204 204 204 204 204 199 161 205 204 202
 205 204 204 203 204 205 206 205 204 206 201 137 202 203 204 201
 203 201 203 203 204 204 205 206 204 186 131 203 204 204 201 204
 202 203 203 203 204 204 204 205 164 150 203 204 202 204 201 206
 202 202 203 179 122 128 169 164 155 202 202 203 202 201 202 206
 204 202 162 165 205 204 169 113 204 202 203 203 202 202 203 201
 203 202 139 202 202 203 202 116 204 204 203 203 202 202 203 203
 203 196 160 201 202 202 201 119 203 200 202 203 202 203 203 204
 202 200 134 201 201 201 193 127 198 199 200 201 199 201 200 204
 202 199 142 142 201 188 122 197 202 201 200 199 199 200 198 200
 200 198 200 144 105 121 182 201 200 199 199 200 200 200 200 199
 200 199 201 202 202 202 201 203 203 202 203 204 201 203 203 201
 198 200 203 202 201 202 202 202 201 202 201 200 199 200 200 201
 200 201 201 200 200 200 200 201 200 199 200 200 200 198 199 202
 199 200 200 201 200 200 201 201 200 200 201 199 199 200 198 202
 198 199 200 199 200 201 201 200 199 201 199 198 198 198 199 201
 199 200 200 200 200 200 200 200 200 199 199 192 150 198 199 199
 200 199 200 201 201 201 201 200 199 199 195 126 196 198 199 197
 200 198 200 200 199 200 201 200 199 179 121 199 198 199 199 200
 199 199 199 200 200 199 199 199 158 140 199 199 198 200 198 202
 199 199 199 171 113 120 160 153 149 198 198 197 198 198 198 201
 200 198 155 159 201 200 164 107 199 198 199 199 198 198 198 198
 199 198 130 197 199 198 197 110 199 198 198 198 198 198 198 197
 200 191 153 197 198 198 197 113 198 197 198 199 197 198 197 200
 198 195 128 197 197 197 189 123 195 197 197 197 196 197 196 200
 197 195 137 137 197 185 116 192 198 197 197 196 195 197 196 198
 197 195 197 140 104 118 178 197 196 196 196 196 196 196 197 196
 198 197 199 198 199 199 199 199 199 199 199 199 199 199 200 198
 196 199 200 199 199 199 199 199 197 197 197 197 196 199 200 199
 197 198 199 199 199 199 198 200 200 199 199 197 198 198 197 200
 196 198 199 198 198 198 199 200 199 199 199 198 198 197 198 201
 198 199 199 198 198 199 199 199 199 199 199 199 197 197 199 202
 199 198 198 199 201 200 200 201 200 199 199 192 153 199 197 199
 197 198 198 200 199 199 200 200 199 199 195 127 194 198 198 196
 199 198 199 198 200 201 201 200 199 178 121 198 197 198 197 201
 199 200 199 199 199 199 199 199 158 141 198 198 197 198 198 202
 197 198 199 172 114 118 161 154 149 197 198 199 199 198 198 203
 198 198 155 159 200 198 166 107 198 198 199 200 199 199 199 198
 198 199 131 198 198 198 197 110 198 199 199 198 199 200 198 197
 200 193 155 197 198 198 196 111 198 198 199 199 198 199 197 199
 199 196 129 198 198 198 191 125 197 198 198 199 196 197 199 201
 200 196 138 139 200 186 119 193 199 198 197 196 197 199 198 200
 200 197 199 143 108 118 178 197 197 198 197 196 197 196 197 197
 202 201 201 200 200 200 200 199 200 202 201 200 200 199 200 199

 206 208 208 206 202 201 204 206 206 201 203 204 204 200 199 201
 206 206 205 204 204 204 201 201 202 203 203 203 200 198 200 203
 205 206 206 204 205 203 204 204 201 202 202 203 201 200 200 203
 204 206 206 204 161 202 204 202 202 202 202 202 199 199 200 201
 206 207 206 205 199 137 203 204 203 203 203 203 201 199 200 204
 206 205 206 204 204 201 131 203 202 203 203 202 200 200 199 203
 205 203 206 205 204 206 186 150 202 202 204 200 199 201 199 202
 207 206 206 205 204 204 204 164 155 204 204 203 198 202 200 203
 210 208 207 204 204 205 206 205 164 113 116 119 127 197 201 203
 208 207 207 205 204 206 205 204 169 169 202 201 193 122 182 201
 210 206 206 205 202 205 204 204 128 204 203 202 201 188 121 202
 208 207 206 206 205 204 204 204 122 205 202 202 201 201 105 202
 208 206 208 205 205 203 203 203 179 165 202 201 201 142 144 202
 207 208 208 208 207 204 203 203 203 162 139 160 134 142 200 201
 205 208 207 207 206 204 201 203 202 202 202 196 200 199 198 199
 203 206 204 204 205 205 203 202 202 204 203 203 202 202 200 200
 201 202 202 201 199 197 200 202 201 198 197 200 200 198 196 198
 200 199 198 199 199 199 199 198 198 198 198 197 196 196 197 200
 200 198 200 198 198 198 199 200 198 198 198 198 197 197 196 199
 199 200 199 198 150 196 198 198 198 198 198 197 196 195 196 199
 200 200 199 198 192 126 199 199 197 199 198 199 197 196 196 199
 201 200 201 199 199 195 121 199 198 199 198 198 197 197 196 199
 202 199 200 201 199 199 179 140 198 198 198 197 197 197 196 199
 201 200 200 199 200 199 199 158 149 199 199 198 195 198 196 199
 202 201 201 200 200 200 200 199 153 107 110 113 123 192 197 199
 202 200 201 201 200 201 201 199 160 164 197 197 189 116 178 199
 202 200 200 201 200 201 200 199 120 200 198 198 197 185 118 199
 201 200 200 200 200 201 199 200 113 201 199 198 197 197 104 199
 202 200 201 199 200 201 200 200 171 159 197 197 197 137 140 198
 203 201 200 200 200 200 200 199 199 155 130 153 128 137 197 199
 200 201 200 199 200 199 198 199 199 198 198 191 195 195 195 197
 198 200 199 198 199 200 200 199 199 200 199 200 198 197 197 198
 199 200 201 202 199 196 201 202 203 198 197 199 201 200 197 199
 200 197 198 199 197 198 197 198 198 199 198 197 199 198 197 200
 199 198 197 197 199 198 198 198 198 199 200 199 197 199 196 199
 196 198 198 197 153 194 197 197 199 199 199 198 196 197 197 200
 197 197 198 199 192 127 198 198 199 200 198 199 199 196 196 200
 197 199 199 199 199 195 121 198 198 199 199 199 198 197 197 201
 197 199 199 199 199 199 178 141 197 198 199 198 198 198 198 202
 197 200 199 199 200 199 199 158 149 198 198 198 197 199 197 200
 199 200 200 199 201 200 200 199 154 107 110 111 125 193 197 199
 199 198 199 199 200 200 201 199 161 166 197 196 191 119 178 200
 199 199 198 199 200 199 201 199 118 198 198 198 198 186 118 200
 199 199 198 198 201 199 200 199 114 200 198 198 198 200 108 200
 199 199 198 198 199 200 198 199 172 159 198 197 198 139 143 200
 200 199 199 199 198 198 199 199 199 155 131 155 129 138 199 201
 199 198 198 199 198 198 198 200 198 198 199 193 196 196 197 201
 196 197 196 198 199 197 199 199 197 198 198 200 199 200 200 202

