 253 253 253 253 253 253 253 253 252 253 253 253 253 254 253 252
 254 217 189 219 253 253 224 182 178 230 253 236 242 242 230 253
 243 173 168 173 253 251 175 171 168 201 253 224 254 253 228 254
 254 181 166 196 254 254 198 168 172 231 253 225 254 253 228 253
 254 253 242 253 254 254 252 229 237 254 254 240 235 232 229 253
 254 254 254 254 255 254 250 253 253 247 253 254 253 253 254 253
 254 243 185 195 248 253 239 236 232 249 254 254 227 182 181 245
 254 177 177 164 216 254 253 218 242 254 254 253 173 170 166 223
 254 185 168 171 242 254 236 246 234 251 254 254 186 178 190 246
 254 232 218 245 253 254 254 255 255 254 255 254 242 230 249 253
 255 254 255 255 254 254 254 255 255 255 255 255 254 254 254 254
 254 224 202 191 228 254 254 254 255 255 255 255 254 250 254 253
 244 167 174 167 182 253 254 254 255 255 255 254 242 221 247 254
 247 175 172 173 213 255 255 255 255 255 255 254 232 254 228 253
 253 233 215 221 251 254 255 255 254 254 254 253 221 237 236 230
 253 254 252 253 253 252 251 251 250 252 245 249 249 244 237 240
 254 254 254 254 255 254 254 254 251 254 255 254 254 254 254 252
 254 172  85 158 255 255 186  74  70 191 255 212 209 213 189 252
 234  49  36  56 251 250  81  37  38 121 254 198 254 254 195 254
 251  99  41  98 254 255 125  41  46 193 254 198 254 254 197 251
 254 251 222 248 255 255 252 192 204 254 254 225 207 205 193 252
 254 254 254 254 255 254 250 254 254 242 254 255 254 252 252 253
 254 219  94 115 235 254 229 215 203 244 254 254 177  60  72 231
 253  78  42  38 159 254 254 182 223 254 254 250  66  38  38 158
 254  78  36  47 211 254 221 238 224 252 254 253  95  41  74 226
 255 212 163 223 254 255 254 255 255 254 255 254 234 183 238 254
 255 255 255 255 255 255 255 255 255 255 255 255 254 254 254 254
 254 192 107  77 171 254 255 255 255 255 255 255 254 241 254 254
 239  54  37  35  68 254 255 255 255 255 255 254 237 181 238 254
 231  55  37  40 124 255 255 255 255 255 255 254 214 254 209 251
 254 209 154 166 244 255 255 255 254 254 255 252 167 196 194 188
 251 252 248 250 249 248 246 246 246 247 237 243 243 237 227 228
 247 254 250 252 254 254 254 251 245 253 254 252 253 253 253 251
 249 150  62 138 249 254 179  58  56 173 253 197 176 196 162 248
 223  42  37  43 238 247  78  38  41  99 251 182 247 253 179 250
 242  81  41  78 247 253 111  39  36 160 253 179 247 253 178 243
 247 247 205 241 255 255 250 184 189 249 254 215 180 181 169 245
 249 254 254 253 255 254 247 253 253 232 254 254 254 248 247 251
 247 209  92 102 217 253 219 200 180 233 254 253 162  49  58 207
 246  64  38  42 135 251 252 162 201 252 254 245  58  42  43 132
 246  68  40  42 194 254 195 223 203 236 254 252  95  43  48 200
 248 202 151 202 251 254 253 255 254 254 254 254 232 159 221 253
 247 254 254 253 253 255 255 255 255 255 255 254 254 254 254 253
 248 178  95  66 140 251 254 255 255 255 255 255 254 230 253 253
 228  46  37  40  47 242 254 255 255 255 255 254 229 148 221 253
 230  56  40  38 100 251 255 254 255 255 255 254 187 248 188 243
 248 196 136 153 235 255 255 255 254 254 254 247 137 173 174 160
 242 249 244 248 245 243 238 241 243 240 232 238 238 231 218 220

 252 253 254 253 253 253 245 223 246 253 254 253 254 253 230 240
 253 230 228 228 229 254 181 166 190 249 254 254 247 228 236 237
 254 242 253 253 232 253 182 170 178 230 254 250 221 254 237 244
 253 242 254 254 235 253 227 173 186 242 254 254 242 232 221 249
 253 236 224 225 240 254 254 253 254 254 255 255 254 254 253 249
 253 253 253 253 254 253 254 254 254 255 255 255 255 255 254 245
 253 230 201 231 254 247 249 254 251 254 255 255 255 255 254 252
 252 178 168 172 237 253 232 242 234 255 255 255 255 255 254 250
 253 182 171 168 229 253 236 218 246 255 255 254 254 255 255 251
 253 224 175 198 252 250 239 253 236 254 254 254 254 255 255 251
 253 253 251 254 254 254 253 254 254 254 254 254 253 255 254 252
 253 253 253 254 254 255 248 216 242 253 254 228 182 213 251 253
 253 219 173 196 253 254 195 164 171 245 255 191 167 173 221 253
 253 189 168 166 242 254 185 177 168 218 255 202 174 172 215 252
 253 217 173 181 253 254 243 177 185 232 254 224 167 175 233 254
 253 254 243 254 254 254 254 254 254 254 255 254 244 247 253 253
 252 252 254 251 252 253 231 158 226 254 254 254 254 251 188 228
 254 189 195 197 193 252  72  38  74 238 254 254 238 209 194 227
 254 213 254 254 205 252  60  38  41 183 254 241 181 254 196 237
 254 209 254 254 207 254 177  66  95 234 254 254 237 214 167 243
 254 212 198 198 225 255 254 250 253 254 255 255 254 254 252 243
 255 255 254 254 254 254 254 254 254 255 255 255 255 255 255 237
 254 191 121 193 254 242 244 254 252 254 255 255 255 255 254 247
 251  70  38  46 204 254 203 223 224 255 255 255 255 255 254 246
 254  74  37  41 192 254 215 182 238 255 255 255 255 255 255 246
 254 186  81 125 252 250 229 254 221 254 255 255 255 255 255 246
 254 255 250 255 255 254 254 254 254 255 255 254 254 255 255 248
 255 255 251 254 255 255 235 159 211 254 255 171  68 124 244 249
 254 158  56  98 248 254 115  38  47 223 255  77  35  40 166 250
 254  85  36  41 222 254  94  42  36 163 255 107  37  37 154 248
 254 172  49  99 251 254 219  78  78 212 255 192  54  55 209 252
 254 254 234 251 254 254 254 253 254 255 255 254 239 231 254 251
 251 248 250 243 245 251 207 132 200 253 253 253 253 243 160 220
 253 162 179 178 169 247  58  43  48 221 254 253 221 188 174 218
 253 196 253 253 181 248  49  42  43 159 254 230 148 248 173 231
 253 176 247 247 180 254 162  58  95 232 254 254 229 187 137 238
 252 197 182 179 215 254 253 245 252 254 254 255 254 254 247 238
 254 253 251 253 254 254 254 254 254 254 255 255 255 255 254 232
 253 173  99 160 249 232 233 252 236 254 255 255 255 255 254 240
 245  56  41  36 189 253 180 201 203 254 255 255 255 255 254 243
 251  58  38  39 184 253 200 162 223 255 255 255 255 254 255 241
 254 179  78 111 250 247 219 252 195 253 255 254 254 255 255 238
 254 254 247 253 255 254 253 251 254 254 255 251 242 251 255 243
 254 249 238 247 255 255 217 135 194 251 253 140  47 100 235 245
 252 138  43  78 241 253 102  42  42 202 253  66  40  38 153 248
 250  62  37  41 205 254  92  38  40 151 254  95  37  40 136 244
 254 150  42  81 247 254 209  64  68 202 254 178  46  56 196 249
 247 249 223 242 247 249 247 246 246 248 247 248 228 230 248 242

 240 237 244 249 249 245 252 250 251 251 252 253 253 252 254 253
 230 236 237 221 253 254 254 254 255 255 254 251 221 215 233 253
 253 228 254 232 254 255 255 255 255 255 255 213 173 172 175 247
 254 247 221 242 254 255 255 255 254 254 253 182 167 174 167 244
 253 254 250 254 255 255 255 255 254 254 254 228 191 202 224 254
 254 254 254 254 255 255 255 255 255 254 254 254 255 255 254 255
 253 249 230 242 254 255 254 255 255 254 254 253 245 218 232 254
 246 190 178 186 254 254 251 234 246 236 254 242 171 168 185 254
 223 166 170 173 253 254 254 242 218 253 254 216 164 177 177 254
 245 181 182 227 254 254 249 232 236 239 253 248 195 185 243 254
 253 254 253 253 254 253 247 253 253 250 254 255 254 254 254 254
 253 229 232 235 240 254 254 237 229 252 254 254 253 242 253 254
 253 228 253 254 225 253 231 172 168 198 254 254 196 166 181 254
 254 228 253 254 224 253 201 168 171 175 251 253 173 168 173 243
 253 230 242 242 236 253 230 178 182 224 253 253 219 189 217 254
 252 253 254 253 253 253 253 252 253 253 253 253 253 253 253 253
 228 227 237 243 243 237 247 246 246 246 248 249 250 248 252 251
 188 194 196 167 252 255 254 254 255 255 255 244 166 154 209 254
 251 209 254 214 254 255 255 255 255 255 255 124  40  37  55 231
 254 238 181 237 254 255 255 255 255 255 254  68  35  37  54 239
 254 254 241 254 255 255 255 255 255 255 254 171  77 107 192 254
 254 254 254 254 255 255 255 255 255 255 255 255 255 255 255 255
 254 238 183 234 254 255 254 255 255 254 255 254 223 163 212 255
 226  74  41  95 253 254 252 224 238 221 254 211  47  36  78 254
 158  38  38  66 250 254 254 223 182 254 254 159  38  42  78 253
 231  72  60 177 254 254 244 203 215 229 254 235 115  94 219 254
 253 252 252 254 255 254 242 254 254 250 254 255 254 254 254 254
 252 193 205 207 225 254 254 204 192 252 255 255 248 222 251 254
 251 197 254 254 198 254 193  46  41 125 255 254  98  41  99 251
 254 195 254 254 198 254 121  38  37  81 250 251  56  36  49 234
 252 189 213 209 212 255 191  70  74 186 255 255 158  85 172 254
 252 254 254 254 254 255 254 251 254 254 254 255 254 254 254 254
 220 218 231 238 238 232 240 243 241 238 243 245 248 244 249 242
 160 174 173 137 247 254 254 254 255 255 255 235 153 136 196 248
 243 188 248 187 254 255 255 255 254 255 251 100  38  40  56 230
 253 221 148 229 254 255 255 255 255 254 242  47  40  37  46 228
 253 253 230 254 255 255 255 255 255 254 251 140  66  95 178 248
 253 254 254 254 254 255 255 255 255 255 255 253 253 254 254 247
 253 221 159 232 254 254 254 254 255 253 254 251 202 151 202 248
 200  48  43  95 252 254 236 203 223 195 254 194  42  40  68 246
 132  43  42  58 245 254 252 201 162 252 251 135  42  38  64 246
 207  58  49 162 253 254 233 180 200 219 253 217 102  92 209 247
 251 247 248 254 254 254 232 253 253 247 254 255 253 254 254 249
 245 169 181 180 215 254 249 189 184 250 255 255 241 205 247 247
 243 178 253 247 179 253 160  36  39 111 253 247  78  41  81 242
 250 179 253 247 182 251  99  41  38  78 247 238  43  37  42 223
 248 162 196 176 197 253 173  56  58 179 254 249 138  62 150 249
 251 253 253 253 252 254 253 245 251 254 254 254 252 250 254 247

 253 253 247 244 254 255 254 254 254 254 254 254 254 243 254 253
 254 233 175 167 224 254 232 185 177 243 254 253 181 173 217 253
 252 215 172 174 202 255 218 168 177 185 254 242 166 168 189 253
 253 221 173 167 191 255 245 171 164 195 254 253 196 173 219 253
 253 251 213 182 228 254 253 242 216 248 255 254 254 253 253 253
 252 254 255 253 254 254 254 254 254 253 254 254 254 251 253 253
 251 255 255 254 254 254 254 236 253 239 250 252 198 175 224 253
 251 255 255 254 254 255 255 246 218 236 253 229 168 171 182 253
 250 254 255 255 255 255 255 234 242 232 253 237 172 168 178 252
 252 254 255 255 255 255 254 251 254 249 247 254 231 201 230 253
 245 254 255 255 255 255 255 254 254 254 253 254 253 253 253 253
 249 253 254 254 255 255 254 254 253 254 254 240 225 224 236 253
 249 221 232 242 254 254 242 186 173 227 253 235 254 254 242 253
 244 237 254 221 250 254 230 178 170 182 253 232 253 253 242 254
 237 236 228 247 254 254 249 190 166 181 254 229 228 228 230 253
 240 230 253 254 253 254 253 246 223 245 253 253 253 254 253 252
 251 254 231 239 254 255 255 254 253 254 254 254 251 234 254 254
 252 209  55  54 192 255 212  78  78 219 254 251  99  49 172 254
 248 154  37  37 107 255 163  36  42  94 254 222  41  36  85 254
 250 166  40  35  77 255 223  47  38 115 254 248  98  56 158 254
 249 244 124  68 171 255 254 211 159 235 255 255 254 251 255 255
 248 255 255 254 254 255 255 254 254 254 254 255 255 250 255 254
 246 255 255 255 255 255 254 221 254 229 250 252 125  81 186 254
 246 255 255 255 255 255 255 238 182 215 254 192  41  37  74 254
 246 254 255 255 255 255 255 224 223 203 254 204  46  38  70 251
 247 254 255 255 255 255 254 252 254 244 242 254 193 121 191 254
 237 255 255 255 255 255 255 254 254 254 254 254 254 254 255 255
 243 252 254 254 255 255 254 253 250 254 255 225 198 198 212 254
 243 167 214 237 254 254 234  95  66 177 254 207 254 254 209 254
 237 196 254 181 241 254 183  41  38  60 252 205 254 254 213 254
 227 194 209 238 254 254 238  74  38  72 252 193 197 195 189 254
 228 188 251 254 254 254 254 226 158 231 253 252 251 254 252 252
 242 248 230 228 248 247 248 246 246 247 249 247 242 223 249 247
 249 196  56  46 178 254 202  68  64 209 254 247  81  42 150 254
 244 136  40  37  95 254 151  40  38  92 254 205  41  37  62 250
 248 153  38  40  66 253 202  42  42 102 253 241  78  43 138 252
 245 235 100  47 140 253 251 194 135 217 255 255 247 238 249 254
 243 255 251 242 251 255 254 254 251 253 254 255 253 247 254 254
 238 255 255 254 254 255 253 195 252 219 247 250 111  78 179 254
 241 255 254 255 255 255 255 223 162 200 253 184  39  38  58 251
 243 254 255 255 255 255 254 203 201 180 253 189  36  41  56 245
 240 254 255 255 255 255 254 236 252 233 232 249 160  99 173 253
 232 254 255 255 255 255 254 254 254 254 254 254 253 251 253 254
 238 247 254 254 255 254 254 252 245 253 254 215 179 182 197 252
 238 137 187 229 254 254 232  95  58 162 254 180 247 247 176 253
 231 173 248 148 230 254 159  43  42  49 248 181 253 253 196 253
 218 174 188 221 253 254 221  48  43  58 247 169 178 179 162 253
 220 160 243 253 253 253 253 200 132 207 251 245 243 250 248 251

